public/dashboard.html
  h_d562f3e035a03a 3-298
src/swarm/actor.ts
  h_d562f3e035a03a 223-227
src/dashboard.ts
  h_d562f3e035a03a 134-135
src/agents/personas/security.ts
  h_d562f3e035a03a 10-18
public/dashboard.js
  h_d562f3e035a03a 7-12,14,17,20-23,27-39,43-46,57,77,85,87,93,95,105,107,126-127,133,144,150,169,182,187,194-196,202,223-227,231,242,246,257,261,267-282,286,322-323,335,341,356,361,373,381-382,402-405,408,425,430,434-435,450-463,469-470,530,534,547,554,578,598,600,602,611,618,628,634,636,645,658,672,676,686,693,710,713,727,739,743,746,750,755,758,761,780,787,792,795,804,819,824,826-828,832,852,861,868,875,1121,1400,1406,1416,1418,1436,1451,1453,1473,1542,1550,1554,1557-1559,1566,1579,1594,1613,1617,1628,1643,1669-1676,1696,1698-1699,1701,1708-1711,1747-1752,1779,1786,1791-1792,1799,1804-1834,1836,1839-1840,1853,1856-1860,1876,1882,1900,1906,1920-1922,1931,1944,1950-1952,1963,1983-1989,1993-1998,2004,2018,2021,2028,2034,2039,2048,2068-2074,2084-2086,2090-2091,2108-2113,2127,2133-2137,2156,2174-2176,2179,2187,2191,2196,2294,2296-2298,2300,2311,2324-2326,2336,2338-2340,2353-2360,2366-2372,2473,2481-2484,2489-2491,2496-2501,2504-2505,2510-2513,2516-2518,2520-2523,2526-2527,2535-2542,2551-2552,2601,2610-2611,2625,2636-2637,2651,2664-2668,2675,2690,2702,2716,2727,2741,2752,2776,2787,2795-2799,2802,2807,2815,2822-2826,2829,2834,2842,2849-2853,2863,2867-2869,2874,2881-2885,2888,2893,2902,2909-2913,2916,2921,2930,2937-2941,2951,2956-2958,2963,2979-2991,2993,2999,3007,3022-3024,3032,3040,3054,3062,3076,3084,3096-3102,3117,3123,3139,3155-3157,3175,3185,3205,3207,3220-3221,3225-3226,3243,3253-3256,3266,3278-3280,3284,3289,3294-3295,3300,3323,3326,3328,3348,3364,3370-3374,3382,3398,3465,3485,3487,3489-3490,3498,3504-3506,3519,3525,3530-3531,3540,3546,3557,3559,3561-3563,3572,3578,3585,3591,3602,3607-3614,3620,3636,3638,3643,3655-3656,3661,3674,3679,3690,3695,3706,3711,3731,3740,3745,3756,3761,3766-3767,3787,3795-3801,3828,3854,3865-3866,3873-3875,3885,3888,3902,3905,3916,3932,3945-3949,4072,4077,4079,4101,4107-4112,4134-4140,4145,4149,4166-4168,4176,4192-4198,4206,4221-4223,4225,4256,4275,4311,4330,4346,4356,4367,4370-4372,4387,4403,4414,4422-4426,4445-4447,4454,4495,4518,4525-4532,4553,4559-4560,4565-4566,4586,4593-4600,4624,4634-4638,4643,4657,4671,4686,4696,4698,4713-4718,4728,4740-4742,4752,4761,4766,4806-4808,4818,4844-4846,4849,4912,4951,4953,4966,4968,4984,5099-5101,5103-5105,5122,5133,5148,5161,5176,5196,5198,5204,5212,5220-5222,5229,5264,5266,5269,5328,5337,5357-5358,5364-5367,5373,5376,5437,5447,5480,5483,5543,5569,5571,5577,5579,5585,5587,5593,5595-5596,5624-5627,5631,5636,5658-5663,5673-5678,5712,5719-5734,5757-5758,5768,5773,5846,5856,5889,5892,5955,5965,5998,6005,6067,6077,6110,6120,6183,6193,6226,6231,6292,6299-6302,6304-6315,6335-6336,6345-6348,6352,6355,6417,6428,6462,6466,6530,6540,6573,6579,6640,6650,6683,6710,6773,6780-6795,6815-6816,6829,6834,6901,6915,6948,6951,7014,7024,7057,7080,7140,7150,7183,7186,7248,7257-7260,7266-7269,7278,7281-7301,7304,7307,7314-7316,7319,7324-7327,7346-7354,7362,7365,7373-7374,7399-7401,7405-7409,7426-7428,7432-7433,7435-7438,7441-7443,7466-7467,7490,7500,7533,7550,7613,7623,7656,7661,7722,7731,7741,7743,7748,7750,7755,7757,7762,7764-7765,7798,7803,7869,7879,7912,7915,7976,7986,8019,8024,8086,8096,8129,8134,8195,8205,8238,8243,8261-8263,8270-8272,8307,8314-8329,8336-8337,8358-8361,8365,8373,8435,8442-8445,8448,8455-8456,8469-8470,8478-8481,8485-8486,8492,8554,8569,8602,8605,8624-8627,8636-8639,8677,8689-8690,8699,8704,8708-8710,8716,8721,8725-8727,8733,8738,8742-8744,8750,8755,8759-8762,8766,8769,8800,8813,8832-8837,8845-8850,8865,8887,8894-8909,8916-8917,8938-8941,8945,8950,9012,9022,9055,9059,9120,9130,9163,9167,9187-9188,9196-9197,9233,9243,9276,9281,9342,9352,9385,9391,9427,9451,9461,9494,9499,9566,9576,9609,9614,9676,9686,9719,9724,9785,9796,9830,9846,9905,9931,9933,9939,9941,9947,9949,9955,9957-9958,9986-9989,9993,9998,10020-10025,10035-10040,10074,10084,10117,10122,10184,10194,10227,10232,10295,10302-10317,10324-10325,10351,10357,10419,10426-10429,10432,10461-10462,10466-10467,10473,10491-10493,10500-10502,10539,10549,10582,10585,10645,10652-10667,10674-10675,10696-10699,10703,10708,10769,10784,10804-10805,10813-10818,10821,10827,10889,10900,10934,10939,11000,11010,11043,11048,11109,11119,11152,11158,11219,11229,11262,11265,11327,11337,11370,11375,11435,11472,11494,11502,11512,11522,11532,11543,11554,11565,11575,11585,11595,11605,11615,11625,11635,11645,11655,11665,11675,11685,11695,11705,11715,11725,11735,11743,11754,11763,11773,11782,11790,11799,11809,11819,11829,11839,11849,11856,11864,11871,11879,11889,11899,11906,11913,11920,11926,11932,11939,11946,11953,11961,11968,11977,11986,11995,12004,12028,12036,12044,12052,12060,12069,12077,12086,12094,12102,12111,12120,12129,12138,12146,12153,12184,12192,12200,12209,12217,12229,12238,12247,12255,12264,12272,12280,12287,12294,12301,12308,12318,12326,12333,12341,12349,12356,12364,12371,12378,12389,12399,12411,12427,12439,12441,12451,12453,12462-12463,12476,12478,12490,12494-12495,12501-12502,12515,12527-12528,12534,12540,12564,12578,12584,12597,12604-12606,12638,12687,12690,12699-12702,12712,12720-12724,12738-12742,12752,12770,12775,12780,12801-12802,12805,12814,12817-12829,12839,12844,12850,12856,12858,12863-12879,12887,12894-12895,12898,12903,12906,12910-12914,12921-12930,12952,12989-12990,12999-13000,13032-13035,13047,13056,13059-13060,13105-13106,13110,13122,13126-13135,13142,13146,13153-13158,13169,13173,13177-13178,13187-13208,13216,13232-13233,13245,13255,13260,13265-13267,13302,13320,13389,13404,13415,13461-13462,13466-13469,13485-13487,13667,13701,13714,13751,13755,13762,13769,13775,13777,13782,13808,13821,13830,13832,13841-13842,13850-13851,13865-13877,13949,13962,13968,14025,14107,14239,14291,14294-14303,14384-14385,14463,14519,14526,14535,14543,14556,14570,14582,14588-14589,14595,14602-14606,14616,14632,14639,14649,14658,14677,14693,14708,14714,14722,14728,14737,14744,14755-14757,14760,14767,14784-14785,14795,14818,14830,14842,14854,14872-14875,14889-14892,14898-14899,14906,14918,14932,14954,14968,14978,14994,15000-15001,15007,15019,15031,15042-15045,15055,15078,15088,15094-15102,15105-15112,15120,15136,15140,15147-15149,15155,15226,15300-15305,15452-15455,15507-15510,15524-15527,15597-15605,15638-15640,15650,15662,15693,15722,15740-15741,15765-15766,15776,15793-15795,15807-15809,15812-15816,15820-15824,15833,15839-15840,15888,15932,15934,15951-15953,15969-15970,15975-15979,16044,16058-16060,16069-16070,16088-16097,16113,16121-16122,16127,16145,16178,16183-16205,16211-16216,16224-16225,16233,16235,16248,16252-16257,16265,16270-16276,16288,16290-16291,16325,16341,16359,16375,16392,16408,16425,16441,16454-16457,16466,16470,16473-16478,16516-16517,16535,16540,16550,16559-16561,16570-16571,16573,16575,16587-16588,16619-16620,16625-16626,16632-16633,16636-16637,16644,16647,16661,16670-16671,16673-16705,16747-16751,16758-16761,16811,16818,16847-16855,16859-16860,16865-16869,16880,16890,16902,16912,16919,16933-16935,16937,16948,16950,16957-16958,16978,16986,17000,17007,17020,17023,17028,17030,17032,17040,17045,17052,17055-17056,17061,17064,17072-17075,17107,17109-17112,17118-17123,17126-17129,17131-17133,17195-17200,17210-17216,17219,17226,17242,17247-17251,17302,17341,17360,17381-17413,17415-17535,17543,17545,17548-17549,17553,17557,17560,17567-17568,17575,17586,17595,17642,17645-17649,17656,17667-17670,17685-17686,17695,17704,17710,17732,17746,17748,17756-17759,17768,17772,17775,17791,17814,17818,17821,17829-17833,17842,17851,17859,17867,17876,17882,17888,17893,17929-17931,17934,17941-17946,17975,17984,17996-17999,18162,18173-18179,18248,18256,18259,18279-18280,18298,18319,18404-18408,18412-18418,18423-18430,18451,18454,18456-18457,18460,18462,18491-18494,18498,18523,18527-18531,18536,18542-18545,18575,18598-18600,18609,18632-18641,18647-18652,18658-18669,18709-18710,18717-18720,18727-18739,18751-18752,18808,18820-18825,18849,18865,18867,18873,18877-18878,18883,18887-18888,18893,18897-18898,18903,18907-18908,18913,18917-18918,18923,18927-18928,18933,18937-18938,18944,18947,18951-18952,18957,18961-18962,18967,18971-18972,18977,18981-18982,18987,18991-18992,18997,19001-19002,19007-19008,19013,19017-19018,19023,19027-19029,19032,19034,19036-19037,19047-19048,19052,19075,19094,19099,19103,19106,19109-19110,19112,19140-19148,19159,19165,19170-19177,19192,19200,19203,19217-19228,19289,19295,19300,19313-19316,19321-19325,19333,19352,19356,19359,19395,19400-19405,19410,19446,19463,19491,19522,19524,19526,19558,19570,19657,19662,19667,19671,19679-19683,19777,19801,19809,19817,19825,19835,19843,19850,19859,19877-19889,19891-19894,19896-19899,19903-19912,19927-19933,19935-19936,19943,19949,19976,20007,20016,20020,20022,20137-20146,20156-20165,20175-20185,20197,20200,20206,20210,20216,20251,20261-20262,20265,20274-20281,20284,20286,20305,20308,20323,20355,20368,20378,20429,20437,20453,20464,20501,20509,20523,20531,20545,20553,20570,20581,20595,20603,20625,20656,20669,20679,20730,20738,20754,20765,20802,20810,20824,20832,20846,20854,20871,20882,20896,20904,20926,20957,20970,20980,21031,21039,21055,21066,21103,21111,21125,21133,21147,21155,21199,21210,21225,21234,21251,21262,21276,21284,21316,21327,21368,21382,21392,21443,21451,21467,21478,21515,21523,21537,21545,21559,21567,21602,21613,21628,21637,21655,21667,21681,21689,21710-21712,21726,21728-21729,21744-21746,21757-21758,21786,21822,21854,21874,21876,21878,21880,21886,21906,21908,21910,21912,21918,21928,21934,21936,21938,21942,21952,21958,21960,21962,21966,21986,21988,21990,21992,21997-21998,22018,22020,22022,22024,22030,22037,22041,22049,22053,22057,22062-22066,22069,22074,22078,22081-22084,22087-22088,22091,22094,22097,22103,22107,22114,22118,22120,22139,22144,22157,22179,22193,22203-22208,22212-22213,22217,22234-22239,22247-22254,22265-22270,22277,22282,22287,22303,22307,22317,22321,22343,22347,22354,22358,22361,22364,22367,22383,22389,22403,22406-22407,22422,22432,22438,22449,22454,22469,22477,22486,22498,22505,22507,22516,22519-22523,22536,22551,22556-22563,22566-22569,22572-22578,22581,22591,22597,22608,22612-22616,22624,22628,22636-22637,22644,22648-22652,22656,22665,22672,22681,22687,22706,22709,22711,22715-22719,22729,22744-22748,22761-22765,22769,22772,22783-22786,22790,22796-22801,22808-22811,22836,22842,22861,22867-22875,22885,22887,22893,22918,22922-22926,22930-22933,22936-22939,22941-22950,22952-22961,22964-22968,22971-22975,22980-22988,22995-22997,22999-23006,23090-23094,23108,23112,23114,23122,23131,23133,23141,23187-23195,23206-23207,23209-23210,23219,23221,23223,23238-23241,23248-23253,23272-23277,23279,23285-23290,23292-23293,23298,23304,23312-23314,23318,23340,23352,23364,23380,23384,23386-23390,23395,23402-23404,23406-23407,23415-23423,23428,23437-23440,23443-23447,23456,23472,23488,23495,23501,23510,23520,23530,23539,23555,23566,23581,23594,23598-23603,23611,23629,23634-23635,23646,23653-23654,23660,23668,23690,23696,23702,23720,23735,23746,23751,23754,23759,23769,23778,23800,23802-23803,23812,23837,23845,23944,23996-24003,24006,24012,24034-24036,24041,24047,24053,24060,24075,24099-24102,24115-24117,24119-24127,24135-24137,24145-24147,24152,24196-24197,24199-24200,24218-24220,24222,24227-24233,24236-24242,24305,24316-24324,24338,24367,24369,24382,24385,24395,24405,24429-24437,24458,24462-24463,24469-24470,24474,24478-24487,24492,24498,24500-24501,24511,24526-24531,24533,24545,24549,24552-24557,24562,24569-24573,24577-24578,24587,24590,24593,24601-24603,24608-24611,24617-24626,24628,24632,24639,24666-24670,24673-24681,24684-24691,24702-24706,24716,24726-24729,24746-24751,24774,24785,24787,24798-24801,24804-24806,24810,24818,24824,24836-24838,24843,24849,24851-24852,24862,24877,24880,24883,24887,24892-24893,24896,24915-24920,24927-24934,24938,24949,24951-24952,24965,24973,24979,24989-24990,25025,25030-25031,25033,25051,25056-25057,25059,25078,25086-25087,25089,25109-25110,25117,25124,25129-25130,25132,25144,25196,25200,25208-25214,25251,25260,25264,25268-25273,25299,25306,25327-25328,25343,25360,25371,25378-25385,25390-25396
src/agents/swarm.ts
  h_d562f3e035a03a 25-33
Quickstart.md
  h_d562f3e035a03a 17-31,39-41,60,69,88-89,91,97-98,100,108-112,122-123,126,130,140,144,148,152
flue.config.ts
  h_d562f3e035a03a 8
src/agents/personas/correctness.ts
  h_d562f3e035a03a 10-18
AGENTS.md
  h_d562f3e035a03a 45,67-68,82,90,109,118-122,125,135,144,215,225,244,251,255,260,264,291,339,361-362,376,384,403,412-416,419,429,438,509,519,538,545,549,554,558,578,824
.agents/pr-review/prompts/repo-conventions.md
  h_d562f3e035a03a 2,6,15,26,28
.githooks/pre-push
  h_d562f3e035a03a 1-30
---
{
  "schema_version": "authorship/3.0.0",
  "git_ai_version": "1.7.4",
  "base_commit_sha": "03e4a0ed792ac0a058c7fc2d22b8d212bd3d5839",
  "prompts": {},
  "humans": {
    "h_d562f3e035a03a": {
      "author": "sjoerd2025 <bodbijlsjoerd@gmail.com>"
    }
  }
}